
176956893 0.00016 0.09350 21.16143 1482.2673146981754 8.19152 0.00791 5.56329 nan nan
176956893 0.00109 1.93518 6.90658 1332.129008121688 6.37531 0.02002 8.56778 nan nan
176956893 0.00109 1.93520 6.90658 1332.129008121688 6.37531 0.02006 8.41186 nan nan
176956893 -0.00010 -0.06052 13.88558 1472.6425951979172 3.17385 0.00614 5.66071 nan nan
176956893 -0.00019 -0.11061 21.69354 1512.4356414708827 4.13210 0.00935 5.17527 nan nan
176956893 -0.00035 -0.20481 21.00460 1488.0193113372848 2.78514 0.00818 6.92160 nan nan
176956893 -0.00030 -0.17700 3.15943 1472.1520897202977 0.34943 0.00991 6.72329 nan nan
176956893 -0.00019 -0.11116 2.76175 1473.3566980278927 0.30545 0.00843 6.55128 nan nan
176956893 -0.00036 -0.21149 21.00460 1488.0193113372848 2.78514 0.00726 6.98310 nan nan
176956893 0.00109 1.93521 6.90658 1332.129008121688 6.37531 0.02012 8.41192 nan nan
176956893 -0.00023 -0.13446 5.50070 1476.0507778189358 0.60837 0.00696 5.88460 nan nan
176956893 0.00032 0.18600 18.05841 1486.2646099676115 4.12764 0.00558 4.39678 nan nan
176956893 -0.00039 -0.22791 9.33747 1473.835335497326 1.03272 0.00725 5.55993 nan nan
176956893 -0.00023 -0.13604 4.54291 1473.8729799217733 0.72205 0.00606 4.76352 nan nan
176956893 0.00077 0.45775 2.52090 2037.5856661106382 0.27881 0.00935 5.60366 nan nan
176956893 -0.00034 -0.20320 2.52090 1472.213850143295 0.27881 0.00830 7.75954 nan nan
176956893 0.00025 0.14988 3.99400 1482.6294115883686 0.44173 0.00872 6.99173 nan nan
176956893 -0.00021 -0.12339 14.10402 1476.3183373782158 1.55989 0.00877 6.43036 nan nan
176956893 -0.00024 -0.14333 18.64653 1486.5180895188034 3.55172 0.00980 4.48051 nan nan
176956893 0.00020 0.12062 10.26725 1474.0027595539286 2.34680 0.00907 4.16781 nan nan
176956893 -0.19669 -1.47616 4.03321 2121.271538167516 0.44607 -0.01136 8.40681 nan nan
176956893 0.00100 1.73403 6.90098 1332.1488921405648 5.34269 0.02147 3.99376 nan nan
176956893 0.00122 2.37453 6.90658 1359.755333386741 6.37531 -0.00040 5.72485 nan nan
176956893 0.00096 1.46126 6.90658 1415.007983916847 6.37531 0.08952 1.33283 nan nan
176956893 0.00124 2.55072 6.90658 1442.6343091819 6.37531 0.03547 3.25213 nan nan
176956893 0.00123 2.38485 12.36767 1471.7135110333147 5.70816 0.01203 1.32104 nan nan
176956893 0.00102 2.18126 6.90658 1497.886959712006 6.37531 -0.00577 4.06270 nan nan
176956893 0.00146 2.56517 6.91218 1525.5098023033938 6.38048 0.07911 3.56012 nan nan
176956893 0.00150 2.58104 6.90658 1546.2330289258489 6.37531 0.03697 7.64208 nan nan
176956893 0.00137 2.34760 6.91778 1573.8401041346278 6.38565 0.03305 5.54022 nan nan
176956893 0.00108 1.99254 6.90098 1601.509732056702 5.34269 0.02508 6.76457 nan nan
176956893 0.00128 2.24389 6.90658 1629.112004721008 6.37531 0.00062 7.63683 nan nan
176956893 0.00100 1.23471 6.90098 2043.5306420400134 6.37014 0.00461 5.36151 nan nan
176956893 0.00125 1.45516 6.91218 2064.2169435520905 6.38048 0.00432 5.54303 nan nan
176956893 0.00090 1.03236 6.88978 2091.886749107517 6.35980 -0.01000 5.12482 nan nan
176956893 0.00100 1.73403 6.90098 1332.1488921405648 5.34269 0.02147 3.99376 nan nan
176956893 0.00122 2.37457 6.90658 1359.755333386741 6.37531 -0.00040 5.72468 nan nan
176956893 0.00096 1.46126 6.90658 1415.007983916847 6.37531 0.08952 1.33283 nan nan
176956893 0.00124 2.55042 6.90658 1442.6343091819 6.37531 0.03950 3.21026 nan nan
176956893 0.00124 2.39222 12.36767 1471.7135110333147 5.70816 0.00869 1.34674 nan nan
176956893 0.00102 2.18272 6.90658 1497.886959712006 6.37531 -0.00418 4.06529 nan nan
176956893 0.00146 2.56517 6.91218 1525.5098023033938 6.38048 0.07911 3.56012 nan nan
176956893 0.00150 2.58101 6.90658 1546.2330289258489 6.37531 0.03718 7.64172 nan nan
176956893 0.00137 2.34760 6.91778 1573.8401041346278 6.38565 0.03306 5.54023 nan nan
176956893 0.00108 1.99232 6.90098 1601.509732056702 5.34269 0.02481 6.76008 nan nan
176956893 0.00128 2.24334 6.90658 1629.112004721008 6.37531 0.00076 7.64187 nan nan
176956893 0.00100 1.23470 6.90098 2043.5306420400134 6.37014 0.00430 5.36205 nan nan
176956893 0.00125 1.45513 6.91218 2064.2169435520905 6.38048 0.00733 5.58850 nan nan
176956893 0.00090 1.03215 6.88978 2091.886749107517 6.35980 -0.01289 5.10087 nan nan
176956893 0.00092 1.12085 3.45069 2147.144012151472 6.90138 0.02482 6.65789 nan nan
176956893 0.00112 1.46385 6.91778 2181.6294721166473 6.38565 0.00593 4.95073 nan nan
176956893 0.00150 1.85224 6.91218 2236.908587904549 5.35137 0.01485 4.98564 nan nan
176956893 0.00130 1.60735 6.91218 2257.645135214011 5.35137 -0.00763 5.73093 nan nan
176956893 0.00123 1.39773 6.88978 2285.266274608569 7.51612 -0.03713 2.69845 nan nan
176956893 0.00121 1.48336 6.91218 2312.8782758291077 6.38048 0.02002 2.51170 nan nan
176956893 0.00109 1.30288 6.90098 2340.50824573738 5.34269 -0.03299 4.98614 nan nan
176956893 0.00174 2.07373 6.90098 2368.142133604684 6.37014 -0.00420 2.62740 nan nan
176956893 0.00105 0.76478 12.35647 2969.157081431627 24.71294 0.00385 1.63305 nan nan
176956893 0.00100 1.73403 6.90098 1332.1488921405648 5.34269 0.02147 3.99376 nan nan
176956893 0.00122 2.37459 6.90658 1359.755333386741 6.37531 -0.00038 5.72464 nan nan
176956893 0.00096 1.46126 6.90658 1415.007983916847 6.37531 0.08952 1.33283 nan nan
176956893 0.00124 2.55386 6.90658 1442.6343091819 6.37531 0.03857 3.24197 nan nan
176956893 0.00123 2.38509 12.36767 1471.7135110333147 5.70816 0.00350 1.32934 nan nan
176956893 0.00102 2.18108 6.90658 1497.886959712006 6.37531 -0.00701 4.06363 nan nan
176956893 0.00146 2.56517 6.91218 1525.5098023033938 6.38048 0.07911 3.56012 nan nan
176956893 0.00150 2.58101 6.90658 1546.2330289258489 6.37531 0.03730 7.64167 nan nan
176956893 0.00137 2.34761 6.91778 1573.8401041346278 6.38565 0.03303 5.54019 nan nan
176956893 0.00100 1.73403 6.90098 1332.1488921405648 5.34269 0.02147 3.99376 nan nan
176956893 0.00122 2.37458 6.90658 1359.755333386741 6.37531 -0.00040 5.72466 nan nan
176956893 0.00096 1.46126 6.90658 1415.007983916847 6.37531 0.08952 1.33283 nan nan
176956893 0.00124 2.54695 6.90658 1442.6343091819 6.37531 0.03556 3.25297 nan nan
176956893 0.00123 2.38562 12.36767 1471.7135110333147 5.70816 0.01242 1.30089 nan nan
176956893 0.00103 2.18482 6.90658 1497.886959712006 6.37531 -0.00350 4.07517 nan nan
176956893 0.00146 2.56517 6.91218 1525.5098023033938 6.38048 0.07911 3.56012 nan nan
176956893 0.00150 2.58123 6.90658 1546.2330289258489 6.37531 0.03714 7.64248 nan nan
176956893 0.00137 2.34760 6.91778 1573.8401041346278 6.38565 0.03305 5.54024 nan nan
176956893 0.00108 1.99330 6.90098 1601.509732056702 5.34269 0.02416 6.77099 nan nan
176956893 0.00128 2.24304 6.90658 1629.112004721008 6.37531 0.00082 7.64591 nan nan
176956893 0.00100 1.23471 6.90098 2043.5306420400134 6.37014 0.00309 5.36158 nan nan
176956893 0.00125 1.45573 6.91218 2064.2169435520905 6.38048 0.00538 5.59209 nan nan
176956893 0.00090 1.03192 6.88978 2091.886749107517 6.35980 -0.01238 5.08799 nan nan
176956893 0.00092 1.12048 3.45069 2147.144012151472 6.90138 0.02251 6.66903 nan nan
176956893 0.00112 1.46537 6.91778 2181.6294721166473 6.38565 0.00654 4.93717 nan nan
176956893 0.00150 1.85283 6.91218 2236.908587904549 5.35137 0.01492 4.98615 nan nan
176956893 0.00130 1.60726 6.91218 2257.645135214011 5.35137 -0.00727 5.73971 nan nan
176956893 0.00123 1.39761 6.88978 2285.266274608569 7.51612 -0.03706 2.69888 nan nan
176956893 0.00121 1.48170 6.91218 2312.8782758291077 6.38048 0.01992 2.44408 nan nan
176956893 0.00109 1.29585 6.90098 2340.50824573738 5.34269 -0.03815 4.97572 nan nan
176956893 0.00174 2.07374 6.90098 2368.142133604684 6.37014 -0.00410 2.62741 nan nan
176956893 0.00112 0.82280 12.31726 2969.1936625901026 21.11531 0.00473 1.63717 nan nan
176956893 0.00105 0.78139 3.46189 2993.17687832675 5.93467 -0.02911 1.30708 nan nan
176956893 -0.27478 -5.51676 12.51330 3028.4277993002224 30.03193 -0.03217 0.75567 nan nan
176956893 0.00094 0.68815 3.45069 3045.0286486119576 5.91547 -0.02162 5.21078 nan nan
176956893 0.00122 0.90293 3.45069 3072.634169716179 5.91547 -0.00398 4.11398 nan nan
176956893 0.00120 0.86789 6.90098 3100.2653531863007 6.37014 -0.00325 3.53990 nan nan
176956893 0.00117 0.80652 6.88978 3134.804804976782 6.35980 -0.00660 5.88274 nan nan
176956893 0.00119 0.84118 6.92899 3162.411469307386 5.36438 0.00076 4.91196 nan nan
176956893 0.00126 0.85111 6.91778 3190.028029251236 5.35570 0.01556 1.77379 nan nan
176956893 0.00108 0.76630 6.91218 3666.602620555467 6.38048 -0.02239 1.72598 nan nan
176956893 0.00132 0.95625 6.91778 3694.22945358798 6.38565 -0.00218 3.05439 nan nan
176956893 0.00088 0.65707 3.46189 3721.87087975013 6.92378 0.00206 5.00747 nan nan
176956893 0.00129 0.99711 6.92338 3749.5009899253755 6.39082 -0.03320 5.10935 nan nan
176956893 0.00100 1.73403 6.90098 1332.1488921405648 5.34269 0.02147 3.99376 nan nan
176956893 0.00109 1.93519 6.90658 1332.129008121688 6.37531 0.02005 8.41183 nan nan
176956893 0.00122 2.37458 6.90658 1359.755333386741 6.37531 -0.00039 5.72468 nan nan
176956893 0.00096 1.46126 6.90658 1415.007983916847 6.37531 0.08952 1.33283 nan nan
176956893 0.00100 1.73403 6.90098 1332.1488921405648 5.34269 0.02147 3.99376 nan nan
176956893 0.00109 1.93515 6.90658 1332.129008121688 6.37531 0.02030 8.41187 nan nan
176956893 0.00122 2.37458 6.90658 1359.755333386741 6.37531 -0.00039 5.72469 nan nan
176956893 0.00096 1.46126 6.90658 1415.007983916847 6.37531 0.08952 1.33283 nan nan
176956893 0.00100 1.73403 6.90098 1332.1488921405648 5.34269 0.02147 3.99376 nan nan
176956893 0.00109 1.93520 6.90658 1332.129008121688 6.37531 0.02009 8.41181 nan nan
176956893 0.00122 2.37454 6.90658 1359.755333386741 6.37531 -0.00041 5.72486 nan nan
176956893 0.00096 1.46126 6.90658 1415.007983916847 6.37531 0.08952 1.33283 nan nan
176956893 0.00100 1.73403 6.90098 1332.1488921405648 5.34269 0.02147 3.99376 nan nan
176956893 0.00109 1.93523 6.90658 1332.129008121688 6.37531 0.02001 8.41172 nan nan
176956893 0.00122 2.37458 6.90658 1359.755333386741 6.37531 -0.00040 5.72468 nan nan
176956893 0.00096 1.46126 6.90658 1415.007983916847 6.37531 0.08952 1.33283 nan nan
176956893 0.00109 1.93520 6.90658 1332.129008121688 6.37531 0.02008 8.41192 nan nan
176956893 0.00109 1.93521 6.90658 1332.129008121688 6.37531 0.02007 8.41189 nan nan
176956893 0.00107 1.69951 6.90658 1415.007983916847 6.37531 0.06587 7.05415 nan nan
176956893 0.00130 2.23295 6.90658 1484.0737970794796 6.37531 0.01565 17.46439 nan nan
176956893 0.00130 2.23459 6.90658 1484.0737970794796 6.37531 0.01934 17.43094 nan nan
176956893 0.00130 2.23316 6.90658 1484.0737970794796 6.37531 0.01733 17.46296 nan nan
176956893 0.00130 2.23388 6.90658 1484.0737970794796 6.37531 0.01990 17.45567 nan nan
176956893 0.00109 1.93521 6.90658 1332.129008121688 6.37531 0.02011 8.41196 nan nan
176956893 0.00109 1.93521 6.90658 1332.129008121688 6.37531 0.02008 8.41192 nan nan
176956893 0.00100 1.73403 6.90098 1332.1488921405648 5.34269 0.02147 3.99376 nan nan
176956893 0.00029 0.17100 18.13683 1483.506112880903 4.14556 0.00799 5.11958 nan nan
176956893 -0.00037 -0.21940 21.00460 1488.0193113372848 2.78514 0.00802 6.84166 nan nan
176956893 -0.00033 -0.19584 13.89118 1472.3882310023698 2.20787 0.00771 4.49641 nan nan
176956893 0.00019 0.10934 13.42068 1476.8638815526251 16.95244 0.00784 4.62347 nan nan
176956893 0.00021 0.12121 10.26725 1474.0027595539286 2.34680 0.00956 6.50401 nan nan
176956893 0.00028 0.16669 2.90178 1472.9367616992565 0.38477 0.00804 7.14011 nan nan
176956893 -0.00039 -0.23074 21.06061 1486.2936595050671 2.32928 0.00823 7.50297 nan nan
176956893 -0.00014 -0.08209 3.92118 1472.5965907760615 0.74689 0.00971 4.55188 nan nan
176956893 0.00028 0.16709 18.05841 1486.2804912654274 5.85678 0.00707 4.49273 nan nan
176956893 0.00029 0.17048 10.06001 1474.1776587643487 1.91619 0.00763 6.31234 nan nan
176956893 -0.00022 -0.13192 2.20164 1473.5450202046554 0.24350 0.00928 4.92165 nan nan
176956893 -0.00038 -0.22704 21.00460 1488.0193113372848 2.78514 0.00751 7.79185 nan nan
176956893 0.00095 0.56023 6.90658 1484.1301442901865 7.53445 0.00178 51.82962 nan nan
176956893 0.00095 0.55779 6.90658 1484.1301442901865 7.53445 0.00014 51.53365 nan nan
176956893 0.00112 0.65924 6.90658 1484.135207709938 5.34703 0.00223 51.48386 nan nan
256722647 1.35379 0.40447 29.89918 2925.8771736037174 9.69703 -0.00247 6.03078 nan nan
256722647 -0.01136 -0.00355 11.68994 1773.8356869082106 5.39536 -0.00098 25.29288 nan nan
348835438 0.00076 0.77581 6.15043 1521.7189105251302 6.70956 0.00931 3.73603 nan nan
348835438 0.00076 0.77581 6.15043 1521.7189105251302 6.70956 0.00934 3.73597 nan nan
256722647 0.00397 0.00124 11.68994 1773.8356869082106 5.39536 -0.00083 25.29110 nan nan
256722647 -0.00709 -0.00217 11.68994 1773.8356869082106 5.39536 -0.00116 25.29131 nan nan
256722647 -0.01088 -0.00337 11.68994 1773.8356869082106 5.39536 -0.00076 25.29152 nan nan
256722647 0.00319 0.00094 11.68994 1773.8356869082106 5.39536 0.00003 25.29391 nan nan
256722647 0.00317 0.00093 11.68994 1773.8356869082106 5.39536 0.00003 25.26867 nan nan
256722647 0.00317 0.00100 11.68994 1773.8356869082106 5.39536 0.00003 25.27063 nan nan
256722647 0.00318 0.00100 11.68994 1773.8356869082106 5.39536 0.00003 25.27659 nan nan
256722647 0.00318 0.00100 11.68994 1773.8356869082106 5.39536 0.00003 25.27119 nan nan
256722647 0.00244 1.30678 2.92418 2886.871020022816 4.38628 0.01679 20.39429 nan nan
256722647 0.00153 0.84940 2.93539 2887.1978063117485 7.04493 0.03297 11.12758 nan nan
256722647 0.00218 1.16470 2.92418 2886.901480350526 5.01289 0.01685 22.42041 nan nan
256722647 0.00321 1.74361 11.68994 1773.8356869082106 5.39536 0.05549 22.65630 nan nan
256722647 0.00321 1.74352 11.68994 1773.8356869082106 5.39536 0.05551 22.65351 nan nan
256722647 0.00306 1.65122 11.68994 1767.9907175660246 5.39536 0.05254 19.80448 nan nan
256722647 0.00218 1.16453 2.92418 2886.901480350526 5.01289 0.01688 22.41474 nan nan
256722647 0.00306 1.65125 11.68994 1767.9907175660246 5.39536 0.05249 19.80540 nan nan
256722647 0.00218 1.16454 2.92418 2886.901480350526 5.01289 0.01684 22.41621 nan nan
256722647 0.00218 1.16455 2.92418 2886.901480350526 5.01289 0.01690 22.41623 nan nan
256722647 0.00321 1.74363 11.68994 1773.8356869082106 5.39536 0.05547 22.65692 nan nan
256722647 0.00318 0.00100 11.68994 1773.8356869082106 5.39536 0.00003 25.27696 nan nan
256722647 0.00175 0.96796 2.90738 2884.4050865885147 5.81476 0.01772 11.32224 nan nan
256722647 0.00316 1.78955 11.68994 1770.913202062924 5.39536 0.06101 15.96130 nan nan
256722647 0.00175 0.96811 2.90738 2884.4050865885147 5.81476 0.01792 11.32258 nan nan
256722647 0.00175 0.99194 2.90738 2884.4050865885147 5.81476 0.01612 11.32343 nan nan
256722647 0.00218 1.18104 2.92418 2886.901480350526 5.01289 0.01563 22.41235 nan nan
256722647 0.00218 1.18104 2.92418 2886.901480350526 5.01289 0.01576 22.41205 nan nan
256722647 0.00317 1.74803 11.68994 1773.8356869082106 5.39536 0.05650 25.25414 nan nan
256722647 0.00218 1.18114 2.92418 2886.901480350526 5.01289 0.01574 22.41569 nan nan
256722647 0.00244 1.32765 2.92418 2886.871020022816 4.38628 0.01539 20.39370 nan nan
256722647 0.00232 1.25959 2.92169 2884.562331236751 5.84338 0.00482 22.55840 nan nan
256722647 0.00328 1.78436 2.92259 2884.3550106135544 5.01016 -0.00238 27.73629 nan nan
256722647 0.00306 0.00097 2.92259 1767.9247675892523 5.01016 0.00001 48.37073 nan nan
256722647 0.00306 0.00096 2.92259 1767.9247675892523 5.01016 0.00001 48.37067 nan nan
256722647 0.00306 1.68314 2.92259 1767.9247675892523 5.01016 0.01290 48.33339 nan nan
256722647 0.00326 1.79758 2.92249 1768.003436162097 5.00999 0.01291 60.04855 nan nan
256722647 0.00230 1.26828 5.84557 1767.8724694011248 5.39591 0.04681 22.37887 nan nan
256722647 0.00315 1.73264 5.84518 1770.870928976876 4.52530 0.04262 37.52842 nan nan
256722647 0.00328 1.80586 2.92255 1767.9664461367981 5.01008 0.01316 75.23689 nan nan
256722647 0.00328 1.80588 2.92255 1767.9664461367981 5.01008 0.01314 75.23695 nan nan
256722647 0.00328 1.80583 2.92255 1767.9664461367981 5.01008 0.01342 75.23104 nan nan
256722647 0.00328 1.80588 2.92255 1767.9664461367981 5.01008 0.01315 75.23782 nan nan
256722647 0.00328 1.80588 2.92255 1767.9664461367981 5.01008 0.01306 75.23651 nan nan
256722647 0.00328 1.80588 2.92255 1767.9664461367981 5.01008 0.01316 75.23559 nan nan
256722647 0.00327 1.80307 5.84518 1767.9307076484436 3.42157 0.05188 37.08868 nan nan
256722647 0.00345 1.89853 2.92255 1767.9859633573747 1.71076 0.04873 45.93865 nan nan
256722647 0.00345 1.89993 2.92255 1767.9818638526745 0.27506 0.07170 39.07421 nan nan
256722647 0.00010 0.05409 18.05770 1781.009347381297 0.48047 0.07604 9.21944 nan nan
256722647 0.00348 1.91680 2.92255 1767.9699252220792 3.50706 0.02668 66.47417 nan nan
256722647 0.00348 1.91682 2.92255 1767.9699252220792 3.50706 0.02665 66.49135 nan nan
256722647 0.00328 1.80588 2.92255 1767.9664461367981 5.01008 0.01317 75.23862 nan nan
201175570 0.00051 0.55945 9.69808 1337.2244780832448 14.54713 0.00865 9.71194 nan nan
201175570 0.00051 0.55918 9.69808 1337.2244780832448 14.54713 0.00858 9.69553 nan nan
201175570 0.00051 0.55960 9.69808 1337.2244780832448 14.54713 0.00863 9.70975 nan nan
201175570 0.00051 0.55938 9.69808 1337.2244780832448 14.54713 0.00877 9.70641 nan nan
201175570 0.00051 0.55941 9.69808 1337.2244780832448 14.54713 0.00859 9.70422 nan nan
201175570 0.00051 0.55972 9.69808 1337.2244780832448 14.54713 0.00868 9.71944 nan nan
201175570 0.00051 0.55937 9.69808 1337.2244780832448 14.54713 0.00884 9.72631 nan nan
201175570 0.00051 0.55936 9.69808 1337.2244780832448 14.54713 0.00878 9.70865 nan nan
256722647 0.00328 1.80587 2.92255 1767.9664461367981 5.01008 0.01326 75.23691 nan nan
176956893 0.00097 0.58477 6.90705 1484.0205550947594 7.53496 0.00195 64.88008 nan nan
176956893 0.00097 0.58573 6.90705 1484.0205550947594 7.53496 0.00162 64.88057 nan nan
176956893 0.00097 0.58538 6.90705 1484.0205550947594 7.53496 0.00185 64.96469 nan nan
256722647 0.00328 1.80584 2.92255 1767.9664461367981 5.01008 0.01341 75.23563 nan nan
256722647 0.00328 1.80584 2.92255 1767.9664461367981 5.01008 0.01317 75.23522 nan nan
256722647 0.00328 1.80588 2.92255 1767.9664461367981 5.01008 0.01321 75.23830 nan nan
176956893 0.00097 0.58514 6.90705 1484.0205550947594 7.53496 0.00176 64.94717 nan nan
